1791126518 27474968576
1791126519 13148160
1791126520 27535384576
1791126521 27559395328
1791126522 27576360960
1791126523 31071858688
1791126524 28524597248
1791126525 28524597248
1791126526 28528791552
1791126527 28528791552
1791126528 28532994048
1791126529 28532994048
1791126530 28532998144
1791126531 28532998144
1791126532 28532998144
1791126533 28533002240
1791126534 28533002240
1791126536 28533002240
1791126537 28533002240
1791126538 28533002240
1791126539 28533006336
1791126540 28533006336
1791126541 28533006336
1791126542 28533006336
1791126543 28533006336
1791126544 28597252096
1791126545 28605636608
1791126546 28605640704
1791126547 28605648896
1791126548 28605648896
1791126549 28605648896
1791126550 28605648896
1791126551 28605648896
1791126552 28605648896
1791126553 29467738112
1791126554 29467754496
1791126555 29474111488
1791126556 29476216832
1791126557 29476216832
1791126558 31272423424
1791126559 31272423424
1791126560 31272423424
1791126561 31272423424
1791126562 28326297600
1791126563 28326297600
1791126564 28330491904
1791126565 28330491904
1791126566 28334682112
1791126567 28334682112
1791126568 28334682112
1791126569 28334682112
1791126570 28334682112
1791126571 28334682112
1791126572 28334682112
1791126573 28334682112
1791126574 28334682112
1791126575 28334682112
1791126576 28334682112
1791126577 28334682112
1791126578 28334686208
1791126579 28334686208
1791126580 28334686208
1791126581 28343095296
1791126582 28351483904
1791126583 28351483904
1791126584 28351483904
1791126585 28351483904
1791126586 28351483904
1791126587 28351483904
1791126588 28351483904
1791126589 29213093888
1791126590 29215227904
1791126591 29221703680
1791126592 29221703680
1791126593 31020777472
1791126594 31020777472
1791126595 31020777472
1791126596 31020777472
