1791126597 27474968576
1791126598 13148160
1791126599 27541331968
1791126600 27567276032
1791126601 27576336384
1791126602 28528816128
1791126603 28528816128
1791126604 28533010432
1791126605 28533010432
1791126606 28537204736
1791126607 28537212928
1791126608 28537212928
1791126609 28537217024
1791126610 28537217024
1791126611 28537217024
1791126612 28537217024
1791126613 28537217024
1791126614 28537221120
1791126615 28537221120
1791126616 28537225216
1791126617 28537225216
1791126618 28537225216
1791126619 28537225216
1791126620 28537225216
1791126621 28592979968
1791126622 28609855488
1791126623 28609863680
1791126624 28609867776
1791126625 28609867776
1791126626 28609867776
1791126627 28609871872
1791126628 28609871872
1791126629 28609871872
1791126630 29471952896
1791126631 29471969280
1791126632 29480411136
1791126633 29480415232
1791126634 31276662784
1791126635 31276662784
1791126636 31276662784
1791126637 31276662784
1791126638 33136820224
1791126639 28330487808
1791126640 28330487808
1791126641 28334682112
1791126642 28334682112
1791126643 28338876416
1791126644 28338876416
1791126645 28338876416
1791126646 28338876416
1791126647 28338876416
1791126648 28338876416
1791126649 28338876416
1791126650 28338880512
1791126651 28338880512
1791126652 28338880512
1791126653 28338880512
1791126654 28338880512
1791126655 28338880512
1791126656 28338880512
1791126657 28338880512
1791126658 28355682304
1791126659 28355682304
1791126660 28355682304
1791126661 28355682304
1791126662 28355682304
1791126663 28355682304
1791126664 28355682304
1791126665 28355686400
1791126666 29217312768
1791126667 29219446784
1791126668 29225918464
1791126669 29225918464
1791126670 31024992256
1791126671 31024992256
1791126672 31024992256
1791126673 31024992256
