1791126438 27437068288
1791126439 13156352
1791126440 27535994880
1791126441 27561140224
1791126442 27576348672
1791126443 28931788800
1791126444 28524597248
1791126445 28528791552
1791126446 28528791552
1791126447 28528791552
1791126448 28532989952
1791126449 28532989952
1791126450 28532994048
1791126451 28532994048
1791126452 28532994048
1791126453 28532998144
1791126454 28532998144
1791126455 28533002240
1791126456 28533002240
1791126457 28533006336
1791126458 28533006336
1791126459 28533006336
1791126460 28533006336
1791126461 28533006336
1791126462 28533006336
1791126463 28597256192
1791126465 28605640704
1791126466 28605648896
1791126467 28605652992
1791126468 28605652992
1791126469 28605652992
1791126470 28605652992
1791126471 28605657088
1791126472 29467738112
1791126473 29467754496
1791126474 29476212736
1791126475 29476212736
1791126476 31272419328
1791126477 31272419328
1791126478 31272419328
1791126479 31272419328
1791126480 30978850816
1791126481 28326293504
1791126482 28326293504
1791126483 28330487808
1791126484 28330487808
1791126485 28334678016
1791126486 28334678016
1791126487 28334678016
1791126488 28334678016
1791126489 28334678016
1791126490 28334678016
1791126491 28334678016
1791126492 28334678016
1791126493 28334678016
1791126494 28334678016
1791126495 28334678016
1791126496 28334678016
1791126497 28334678016
1791126498 28334678016
1791126499 28334678016
1791126500 28334682112
1791126501 28343091200
1791126502 28351479808
1791126503 28351479808
1791126504 28351479808
1791126505 28351479808
1791126506 28351479808
1791126507 28351479808
1791126508 28351479808
1791126509 29213085696
1791126510 29213093888
1791126511 29215240192
1791126512 29221695488
1791126513 29221703680
1791126514 31020777472
1791126515 31020777472
1791126516 31020777472
1791126517 31020777472
1791126518 27512799232
