1791126361 13094912
1791126362 13139968
1791126363 27540889600
1791126364 27566673920
1791126365 27576352768
1791126366 28484571136
1791126367 28484571136
1791126368 28484571136
1791126369 28484571136
1791126370 28484571136
1791126371 28484579328
1791126372 28484579328
1791126373 28484583424
1791126374 28486680576
1791126375 28486680576
1791126376 28488777728
1791126377 28488781824
1791126378 28488781824
1791126379 28490878976
1791126380 28490883072
1791126381 28492980224
1791126382 28492980224
1791126383 28492980224
1791126384 28492980224
1791126385 28553019392
1791126386 28553019392
1791126387 28553019392
1791126388 28559310848
1791126389 28559310848
1791126390 28559310848
1791126391 28567699456
1791126392 28567699456
1791126393 29429780480
1791126394 29429792768
1791126395 29438304256
1791126396 29438304256
1791126397 31234584576
1791126398 31234584576
1791126399 31234584576
1791126400 31234584576
1791126401 30941016064
1791126402 28286357504
1791126403 28286357504
1791126404 28286357504
1791126405 28286357504
1791126406 28286357504
1791126407 28286357504
1791126408 28286361600
1791126409 28286361600
1791126410 28288458752
1791126411 28288458752
1791126412 28290555904
1791126413 28290560000
1791126414 28292653056
1791126415 28292653056
1791126416 28294750208
1791126417 28294750208
1791126418 28294754304
1791126419 28294754304
1791126420 28288434176
1791126421 28298969088
1791126422 28298969088
1791126423 28298969088
1791126424 28305260544
1791126425 28305260544
1791126426 28313649152
1791126427 28313649152
1791126428 29175201792
1791126429 29175201792
1791126430 29177298944
1791126431 29183758336
1791126432 29183770624
1791126433 30982885376
1791126434 30982885376
1791126435 30982885376
1791126436 30982885376
1791126437 30982885376
